Салют
4
12 20
VIP
420 420 420 420 420 420 420 420 420 420 420 420 420 420 420 420 420 420 420 420
420 420 420 420 420 420 420 420 420 420 420 420 420 420 420 420 420 420 420 420
420 420 420 420 420 420 420 420 420 420 420 420 420 420 420 420 420 420 420 420
420 420 420 420 420 420 420 420 420 420 420 420 420 420 420 420 420 420 420 420
420 420 420 420 420 420 420 420 420 420 420 420 420 420 420 420 420 420 420 420
420 420 420 420 420 420 420 420 420 420 420 420 420 420 420 420 420 420 420 420
420 420 420 420 420 420 420 420 420 420 420 420 420 420 420 420 420 420 420 420
420 420 420 420 420 420 420 420 420 420 420 420 420 420 420 420 420 420 420 420
420 420 420 420 420 420 420 420 420 420 420 420 420 420 420 420 420 420 420 420
420 420 420 420 420 420 420 420 420 420 420 420 420 420 420 420 420 420 420 420
420 420 420 420 420 420 420 420 420 420 420 420 420 420 420 420 420 420 420 420
420 420 420 420 420 420 420 420 420 420 420 420 420 420 420 420 420 420 420 420
12 20
Стандарт
420 420 420 420 420 420 420 420 420 420 420 420 420 420 420 420 420 420 420 420
420 420 420 420 420 420 420 420 420 420 420 420 420 420 420 420 420 420 420 420
420 420 420 420 420 420 420 420 420 420 420 420 420 420 420 420 420 420 420 420
420 420 420 420 420 420 420 420 420 420 420 420 420 420 420 420 420 420 420 420
420 420 420 420 420 420 420 420 420 420 420 420 420 420 420 420 420 420 420 420
420 420 420 420 420 420 420 420 420 420 420 420 420 420 420 420 420 420 420 420
420 420 420 420 420 420 420 420 420 420 420 420 420 420 420 420 420 420 420 420
420 420 420 420 420 420 420 420 420 420 420 420 420 420 420 420 420 420 420 420
420 420 420 420 420 420 420 420 420 420 420 420 420 420 420 420 420 420 420 420
420 420 420 420 420 420 420 420 420 420 420 420 420 420 420 420 420 420 420 420
420 420 420 420 420 420 420 420 420 420 420 420 420 420 420 420 420 420 420 420
420 420 420 420 420 420 420 420 420 420 420 420 420 420 420 420 420 420 420 420
12 20
Комфорт
420 420 420 420 420 420 420 420 420 420 420 420 420 420 420 420 420 420 420 420
420 420 420 420 420 420 420 420 420 420 420 420 420 420 420 420 420 420 420 420
420 420 420 420 420 420 420 420 420 420 420 420 420 420 420 420 420 420 420 420
420 420 420 420 420 420 420 420 420 420 420 420 420 420 420 420 420 420 420 420
420 420 420 420 420 420 420 420 420 420 420 420 420 420 420 420 420 420 420 420
420 420 420 420 420 420 420 420 420 420 420 420 420 420 420 420 420 420 420 420
420 420 420 420 420 420 420 420 420 420 420 420 420 420 420 420 420 420 420 420
420 420 420 420 420 420 420 420 420 420 420 420 420 420 420 420 420 420 420 420
420 420 420 420 420 420 420 420 420 420 420 420 420 420 420 420 420 420 420 420
420 420 420 420 420 420 420 420 420 420 420 420 420 420 420 420 420 420 420 420
420 420 420 420 420 420 420 420 420 420 420 420 420 420 420 420 420 420 420 420
420 420 420 420 420 420 420 420 420 420 420 420 420 420 420 420 420 420 420 420
12 20
IMAX
420 420 420 420 420 420 420 420 420 420 420 420 420 420 420 420 420 420 420 420
420 420 420 420 420 420 420 420 420 420 420 420 420 420 420 420 420 420 420 420
420 420 420 420 420 420 420 420 420 420 420 420 420 420 420 420 420 420 420 420
420 420 420 420 420 420 420 420 420 420 420 420 420 420 420 420 420 420 420 420
420 420 420 420 420 420 420 420 420 420 420 420 420 420 420 420 420 420 420 420
420 420 420 420 420 420 420 420 420 420 420 420 420 420 420 420 420 420 420 420
420 420 420 420 420 420 420 420 420 420 420 420 420 420 420 420 420 420 420 420
420 420 420 420 420 420 420 420 420 420 420 420 420 420 420 420 420 420 420 420
420 420 420 420 420 420 420 420 420 420 420 420 420 420 420 420 420 420 420 420
420 420 420 420 420 420 420 420 420 420 420 420 420 420 420 420 420 420 420 420
420 420 420 420 420 420 420 420 420 420 420 420 420 420 420 420 420 420 420 420
420 420 420 420 420 420 420 420 420 420 420 420 420 420 420 420 420 420 420 420
ул. Парковая, д. 3А
2D 3D
Космос
2
12 20
Стандарт
420 420 420 420 420 420 420 420 420 420 420 420 420 420 420 420 420 420 420 420
420 420 420 420 420 420 420 420 420 420 420 420 420 420 420 420 420 420 420 420
420 420 420 420 420 420 420 420 420 420 420 420 420 420 420 420 420 420 420 420
420 420 420 420 420 420 420 420 420 420 420 420 420 420 420 420 420 420 420 420
420 420 420 420 420 420 420 420 420 420 420 420 420 420 420 420 420 420 420 420
420 420 420 420 420 420 420 420 420 420 420 420 420 420 420 420 420 420 420 420
420 420 420 420 420 420 420 420 420 420 420 420 420 420 420 420 420 420 420 420
420 420 420 420 420 420 420 420 420 420 420 420 420 420 420 420 420 420 420 420
420 420 420 420 420 420 420 420 420 420 420 420 420 420 420 420 420 420 420 420
420 420 420 420 420 420 420 420 420 420 420 420 420 420 420 420 420 420 420 420
420 420 420 420 420 420 420 420 420 420 420 420 420 420 420 420 420 420 420 420
420 420 420 420 420 420 420 420 420 420 420 420 420 420 420 420 420 420 420 420
12 20
Комфорт
420 420 420 420 420 420 420 420 420 420 420 420 420 420 420 420 420 420 420 420
420 420 420 420 420 420 420 420 420 420 420 420 420 420 420 420 420 420 420 420
420 420 420 420 420 420 420 420 420 420 420 420 420 420 420 420 420 420 420 420
420 420 420 420 420 420 420 420 420 420 420 420 420 420 420 420 420 420 420 420
420 420 420 420 420 420 420 420 420 420 420 420 420 420 420 420 420 420 420 420
420 420 420 420 420 420 420 420 420 420 420 420 420 420 420 420 420 420 420 420
420 420 420 420 420 420 420 420 420 420 420 420 420 420 420 420 420 420 420 420
420 420 420 420 420 420 420 420 420 420 420 420 420 420 420 420 420 420 420 420
420 420 420 420 420 420 420 420 420 420 420 420 420 420 420 420 420 420 420 420
420 420 420 420 420 420 420 420 420 420 420 420 420 420 420 420 420 420 420 420
420 420 420 420 420 420 420 420 420 420 420 420 420 420 420 420 420 420 420 420
420 420 420 420 420 420 420 420 420 420 420 420 420 420 420 420 420 420 420 420
ул. Победы, д. 12
2D
Октябрь
2
12 20
Стандарт
420 420 420 420 420 420 420 420 420 420 420 420 420 420 420 420 420 420 420 420
420 420 420 420 420 420 420 420 420 420 420 420 420 420 420 420 420 420 420 420
420 420 420 420 420 420 420 420 420 420 420 420 420 420 420 420 420 420 420 420
420 420 420 420 420 420 420 420 420 420 420 420 420 420 420 420 420 420 420 420
420 420 420 420 420 420 420 420 420 420 420 420 420 420 420 420 420 420 420 420
420 420 420 420 420 420 420 420 420 420 420 420 420 420 420 420 420 420 420 420
420 420 420 420 420 420 420 420 420 420 420 420 420 420 420 420 420 420 420 420
420 420 420 420 420 420 420 420 420 420 420 420 420 420 420 420 420 420 420 420
420 420 420 420 420 420 420 420 420 420 420 420 420 420 420 420 420 420 420 420
420 420 420 420 420 420 420 420 420 420 420 420 420 420 420 420 420 420 420 420
420 420 420 420 420 420 420 420 420 420 420 420 420 420 420 420 420 420 420 420
420 420 420 420 420 420 420 420 420 420 420 420 420 420 420 420 420 420 420 420
12 20
Комфорт
420 420 420 420 420 420 420 420 420 420 420 420 420 420 420 420 420 420 420 420
420 420 420 420 420 420 420 420 420 420 420 420 420 420 420 420 420 420 420 420
420 420 420 420 420 420 420 420 420 420 420 420 420 420 420 420 420 420 420 420
420 420 420 420 420 420 420 420 420 420 420 420 420 420 420 420 420 420 420 420
420 420 420 420 420 420 420 420 420 420 420 420 420 420 420 420 420 420 420 420
420 420 420 420 420 420 420 420 420 420 420 420 420 420 420 420 420 420 420 420
420 420 420 420 420 420 420 420 420 420 420 420 420 420 420 420 420 420 420 420
420 420 420 420 420 420 420 420 420 420 420 420 420 420 420 420 420 420 420 420
420 420 420 420 420 420 420 420 420 420 420 420 420 420 420 420 420 420 420 420
420 420 420 420 420 420 420 420 420 420 420 420 420 420 420 420 420 420 420 420
420 420 420 420 420 420 420 420 420 420 420 420 420 420 420 420 420 420 420 420
420 420 420 420 420 420 420 420 420 420 420 420 420 420 420 420 420 420 420 420
ул. Горького, д. 4
2D 3D
Mori Cinema
2
12 20
Комфорт
420 420 420 420 420 420 420 420 420 420 420 420 420 420 420 420 420 420 420 420
420 420 420 420 420 420 420 420 420 420 420 420 420 420 420 420 420 420 420 420
420 420 420 420 420 420 420 420 420 420 420 420 420 420 420 420 420 420 420 420
420 420 420 420 420 420 420 420 420 420 420 420 420 420 420 420 420 420 420 420
420 420 420 420 420 420 420 420 420 420 420 420 420 420 420 420 420 420 420 420
420 420 420 420 420 420 420 420 420 420 420 420 420 420 420 420 420 420 420 420
420 420 420 420 420 420 420 420 420 420 420 420 420 420 420 420 420 420 420 420
420 420 420 420 420 420 420 420 420 420 420 420 420 420 420 420 420 420 420 420
420 420 420 420 420 420 420 420 420 420 420 420 420 420 420 420 420 420 420 420
420 420 420 420 420 420 420 420 420 420 420 420 420 420 420 420 420 420 420 420
420 420 420 420 420 420 420 420 420 420 420 420 420 420 420 420 420 420 420 420
420 420 420 420 420 420 420 420 420 420 420 420 420 420 420 420 420 420 420 420
12 20
Стандарт
420 420 420 420 420 420 420 420 420 420 420 420 420 420 420 420 420 420 420 420
420 420 420 420 420 420 420 420 420 420 420 420 420 420 420 420 420 420 420 420
420 420 420 420 420 420 420 420 420 420 420 420 420 420 -1 420 420 420 420 420
420 420 420 420 420 420 420 -1 420 420 420 420 420 420 420 420 420 420 420 420
420 420 420 420 420 420 420 420 420 420 420 420 420 420 420 420 420 420 420 420
420 420 420 420 420 -1 420 420 420 420 420 420 420 420 420 420 420 420 420 420
420 420 420 420 420 420 420 420 -1 420 420 420 420 420 420 420 420 420 420 420
420 420 420 420 420 420 420 420 420 420 420 420 420 420 420 420 420 420 420 420
420 420 420 420 420 420 420 420 420 420 420 420 420 420 420 420 420 420 420 420
420 420 420 -1 420 420 420 420 420 420 420 420 420 420 420 420 420 420 420 420
420 420 420 420 420 420 420 420 420 420 420 420 420 420 420 420 420 420 420 420
420 420 420 420 420 420 420 420 420 420 420 420 420 420 420 420 420 420 420 420
ул. Циолковского, д. 4
2D 3D 5D
Люксор
1
12 20
Стандарт
420 420 420 420 420 420 420 420 420 420 420 420 420 420 420 420 420 420 420 420
420 420 420 420 420 420 420 420 420 420 420 420 420 420 420 420 420 420 420 420
420 420 420 420 420 420 420 420 420 420 420 420 420 420 420 420 420 420 420 420
420 420 420 420 420 420 420 420 420 420 420 420 420 420 420 420 420 420 420 420
420 420 420 420 420 420 420 420 420 420 420 420 420 420 420 420 420 420 420 420
420 420 420 420 420 420 420 420 420 420 420 420 420 420 420 420 420 420 420 420
420 420 420 420 420 420 420 420 420 420 420 420 420 420 420 420 420 420 420 420
420 420 420 420 420 420 420 420 420 420 420 420 420 420 420 420 420 420 420 420
420 420 420 420 420 420 420 420 420 420 420 420 420 420 420 420 420 420 420 420
420 420 420 420 420 420 420 420 420 420 420 420 420 420 420 420 420 420 420 420
420 420 420 420 420 420 420 420 420 420 420 420 420 420 420 420 420 420 420 420
420 420 420 420 420 420 420 420 420 420 420 420 420 420 420 420 420 420 420 420
ул. Дубравина, д. 4
2D 3D
