13:30
Октябрь
Паразиты
12 20
Стандарт
420 420 420 420 420 420 420 420 420 420 420 420 420 420 420 420 420 420 420 420
420 420 420 420 420 420 420 420 420 420 420 420 420 420 420 420 420 420 420 420
420 420 420 420 420 420 420 420 420 420 420 420 420 420 -1 420 420 420 420 420
420 420 420 420 420 420 420 -1 420 420 420 420 420 420 420 420 420 420 420 420
420 420 420 420 420 420 420 420 420 420 420 420 420 420 420 420 420 420 420 420
420 420 420 420 420 -1 420 420 420 420 420 420 420 420 420 420 420 420 420 420
420 420 420 420 420 420 420 420 -1 420 420 420 420 420 420 420 420 420 420 420
420 420 420 420 420 420 420 420 420 420 420 420 420 420 420 420 420 420 420 420
420 420 420 420 420 420 420 420 420 420 420 420 420 420 420 420 420 420 420 420
420 420 420 -1 420 420 420 420 420 420 420 420 420 420 420 420 420 420 420 420
420 420 420 420 420 420 420 420 420 420 420 420 420 420 420 420 420 420 420 420
420 420 420 420 420 420 420 420 420 420 420 420 420 420 420 420 420 420 420 420
17:30
Октябрь
Паразиты
12 20
Стандарт
420 420 420 420 420 420 420 420 420 420 420 420 420 420 420 420 420 420 420 420
420 420 420 420 420 420 420 420 420 420 420 420 420 420 420 420 420 420 420 420
420 420 420 420 420 420 420 420 420 420 420 420 420 420 -1 420 420 420 420 420
420 420 420 420 420 420 420 -1 420 420 420 420 420 420 420 420 420 420 420 420
420 420 420 420 420 420 420 420 420 420 420 420 420 420 420 420 420 420 420 420
420 420 420 420 420 -1 420 420 420 420 420 420 420 420 420 420 420 420 420 420
420 420 420 420 420 420 420 420 -1 420 420 420 420 420 420 420 420 420 420 420
420 420 420 420 420 420 420 420 420 420 420 420 420 420 420 420 420 420 420 420
420 420 420 420 420 420 420 420 420 420 420 420 420 420 420 420 420 420 420 420
420 420 420 -1 420 420 420 420 420 420 420 420 420 420 420 420 420 420 420 420
420 420 420 420 420 420 420 420 420 420 420 420 420 420 420 420 420 420 420 420
420 420 420 420 420 420 420 420 420 420 420 420 420 420 420 420 420 420 420 420
13:30
Люксор
Паразиты
12 20
Стандарт
420 420 420 420 420 420 420 420 420 420 420 420 420 420 420 420 420 420 420 420
420 420 420 420 420 420 420 420 420 420 420 420 420 420 420 420 420 420 420 420
420 420 420 420 420 420 420 420 420 420 420 420 420 420 -1 420 420 420 420 420
420 420 420 420 420 420 420 -1 420 420 420 420 420 420 420 420 420 420 420 420
420 420 420 420 420 420 420 420 420 420 420 420 420 420 420 420 420 420 420 420
420 420 420 420 420 -1 420 420 420 420 420 420 420 420 420 420 420 420 420 420
420 420 420 420 420 420 420 420 -1 420 420 420 420 420 420 420 420 420 420 420
420 420 420 420 420 420 420 420 420 420 420 420 420 420 420 420 420 420 420 420
420 420 420 420 420 420 420 420 420 420 420 420 420 420 420 420 420 420 420 420
420 420 420 -1 420 420 420 420 420 420 420 420 420 420 420 420 420 420 420 420
420 420 420 420 420 420 420 420 420 420 420 420 420 420 420 420 420 420 420 420
420 420 420 420 420 420 420 420 420 420 420 420 420 420 420 420 420 420 420 420
10:30
Салют
Паразиты
12 20
Стандарт
420 420 420 420 420 420 420 420 420 420 420 420 420 420 420 420 420 420 420 420
420 420 420 420 420 420 420 420 420 420 420 420 420 420 420 420 420 420 420 420
420 420 420 420 420 420 420 420 420 420 420 420 420 420 -1 420 420 420 420 420
420 420 420 420 420 420 420 -1 420 420 420 420 420 420 420 420 420 420 420 420
420 420 420 420 420 420 420 420 420 420 420 420 420 420 420 420 420 420 420 420
420 420 420 420 420 -1 420 420 420 420 420 420 420 420 420 420 420 420 420 420
420 420 420 420 420 420 420 420 -1 420 420 420 420 420 420 420 420 420 420 420
420 420 420 420 420 420 420 420 420 420 420 420 420 420 420 420 420 420 420 420
420 420 420 420 420 420 420 420 420 420 420 420 420 420 420 420 420 420 420 420
420 420 420 -1 420 420 420 420 420 420 420 420 420 420 420 420 420 420 420 420
420 420 420 420 420 420 420 420 420 420 420 420 420 420 420 420 420 420 420 420
420 420 420 420 420 420 420 420 420 420 420 420 420 420 420 420 420 420 420 420
13:30
Mori Cinema
Паразиты
12 20
Стандарт
420 420 420 420 420 420 420 420 420 420 420 420 420 420 420 420 420 420 420 420
420 420 420 420 420 420 420 420 420 420 420 420 420 420 420 420 420 420 420 420
420 420 420 420 420 420 420 420 420 420 420 420 420 420 -1 420 420 420 420 420
420 420 420 420 420 420 420 -1 420 420 420 420 420 420 420 420 420 420 420 420
420 420 420 420 420 420 420 420 420 420 420 420 420 420 420 420 420 420 420 420
420 420 420 420 420 -1 420 420 420 420 420 420 420 420 420 420 420 420 420 420
420 420 420 420 420 420 420 420 -1 420 420 420 420 420 420 420 420 420 420 420
420 420 420 420 420 420 420 420 420 420 420 420 420 420 420 420 420 420 420 420
420 420 420 420 420 420 420 420 420 420 420 420 420 420 420 420 420 420 420 420
420 420 420 -1 420 420 420 420 420 420 420 420 420 420 420 420 420 420 420 420
420 420 420 420 420 420 420 420 420 420 420 420 420 420 420 420 420 420 420 420
420 420 420 420 420 420 420 420 420 420 420 420 420 420 420 420 420 420 420 420
17:30
Октябрь
Побег из Шоушенка
12 20
Стандарт
420 420 420 420 420 420 420 420 420 420 420 420 420 420 420 420 420 420 420 420
420 420 420 420 420 420 420 420 420 420 420 420 420 420 420 420 420 420 420 420
420 420 420 420 420 420 420 420 420 420 420 420 420 420 -1 420 420 420 420 420
420 420 420 420 420 420 420 -1 420 420 420 420 420 420 420 420 420 420 420 420
420 420 420 420 420 420 420 420 420 420 420 420 420 420 420 420 420 420 420 420
420 420 420 420 420 -1 420 420 420 420 420 420 420 420 420 420 420 420 420 420
420 420 420 420 420 420 420 420 -1 420 420 420 420 420 420 420 420 420 420 420
420 420 420 420 420 420 420 420 420 420 420 420 420 420 420 420 420 420 420 420
420 420 420 420 420 420 420 420 420 420 420 420 420 420 420 420 420 420 420 420
420 420 420 -1 420 420 420 420 420 420 420 420 420 420 420 420 420 420 420 420
420 420 420 420 420 420 420 420 420 420 420 420 420 420 420 420 420 420 420 420
420 420 420 420 420 420 420 420 420 420 420 420 420 420 420 420 420 420 420 420
17:30
Люксор
Побег из Шоушенка
12 20
Стандарт
420 420 420 420 420 420 420 420 420 420 420 420 420 420 420 420 420 420 420 420
420 420 420 420 420 420 420 420 420 420 420 420 420 420 420 420 420 420 420 420
420 420 420 420 420 420 420 420 420 420 420 420 420 420 -1 420 420 420 420 420
420 420 420 420 420 420 420 -1 420 420 420 420 420 420 420 420 420 420 420 420
420 420 420 420 420 420 420 420 420 420 420 420 420 420 420 420 420 420 420 420
420 420 420 420 420 -1 420 420 420 420 420 420 420 420 420 420 420 420 420 420
420 420 420 420 420 420 420 420 -1 420 420 420 420 420 420 420 420 420 420 420
420 420 420 420 420 420 420 420 420 420 420 420 420 420 420 420 420 420 420 420
420 420 420 420 420 420 420 420 420 420 420 420 420 420 420 420 420 420 420 420
420 420 420 -1 420 420 420 420 420 420 420 420 420 420 420 420 420 420 420 420
420 420 420 420 420 420 420 420 420 420 420 420 420 420 420 420 420 420 420 420
420 420 420 420 420 420 420 420 420 420 420 420 420 420 420 420 420 420 420 420
17:30
Салют
Побег из Шоушенка
12 20
Стандарт
420 420 420 420 420 420 420 420 420 420 420 420 420 420 420 420 420 420 420 420
420 420 420 420 420 420 420 420 420 420 420 420 420 420 420 420 420 420 420 420
420 420 420 420 420 420 420 420 420 420 420 420 420 420 -1 420 420 420 420 420
420 420 420 420 420 420 420 -1 420 420 420 420 420 420 420 420 420 420 420 420
420 420 420 420 420 420 420 420 420 420 420 420 420 420 420 420 420 420 420 420
420 420 420 420 420 -1 420 420 420 420 420 420 420 420 420 420 420 420 420 420
420 420 420 420 420 420 420 420 -1 420 420 420 420 420 420 420 420 420 420 420
420 420 420 420 420 420 420 420 420 420 420 420 420 420 420 420 420 420 420 420
420 420 420 420 420 420 420 420 420 420 420 420 420 420 420 420 420 420 420 420
420 420 420 -1 420 420 420 420 420 420 420 420 420 420 420 420 420 420 420 420
420 420 420 420 420 420 420 420 420 420 420 420 420 420 420 420 420 420 420 420
420 420 420 420 420 420 420 420 420 420 420 420 420 420 420 420 420 420 420 420
13:30
Космос
Зелёная миля
12 20
Стандарт
420 420 420 420 420 420 420 420 420 420 420 420 420 420 420 420 420 420 420 420
420 420 420 420 420 420 420 420 420 420 420 420 420 420 420 420 420 420 420 420
420 420 420 420 420 420 420 420 420 420 420 420 420 420 -1 420 420 420 420 420
420 420 420 420 420 420 420 -1 420 420 420 420 420 420 420 420 420 420 420 420
420 420 420 420 420 420 420 420 420 420 420 420 420 420 420 420 420 420 420 420
420 420 420 420 420 -1 420 420 420 420 420 420 420 420 420 420 420 420 420 420
420 420 420 420 420 420 420 420 -1 420 420 420 420 420 420 420 420 420 420 420
420 420 420 420 420 420 420 420 420 420 420 420 420 420 420 420 420 420 420 420
420 420 420 420 420 420 420 420 420 420 420 420 420 420 420 420 420 420 420 420
420 420 420 -1 420 420 420 420 420 420 420 420 420 420 420 420 420 420 420 420
420 420 420 420 420 420 420 420 420 420 420 420 420 420 420 420 420 420 420 420
420 420 420 420 420 420 420 420 420 420 420 420 420 420 420 420 420 420 420 420
20:30
Космос
Зелёная миля
12 20
Стандарт
420 420 420 420 420 420 420 420 420 420 420 420 420 420 420 420 420 420 420 420
420 420 420 420 420 420 420 420 420 420 420 420 420 420 420 420 420 420 420 420
420 420 420 420 420 420 420 420 420 420 420 420 420 420 -1 420 420 420 420 420
420 420 420 420 420 420 420 -1 420 420 420 420 420 420 420 420 420 420 420 420
420 420 420 420 420 420 420 420 420 420 420 420 420 420 420 420 420 420 420 420
420 420 420 420 420 -1 420 420 420 420 420 420 420 420 420 420 420 420 420 420
420 420 420 420 420 420 420 420 -1 420 420 420 420 420 420 420 420 420 420 420
420 420 420 420 420 420 420 420 420 420 420 420 420 420 420 420 420 420 420 420
420 420 420 420 420 420 420 420 420 420 420 420 420 420 420 420 420 420 420 420
420 420 420 -1 420 420 420 420 420 420 420 420 420 420 420 420 420 420 420 420
420 420 420 420 420 420 420 420 420 420 420 420 420 420 420 420 420 420 420 420
420 420 420 420 420 420 420 420 420 420 420 420 420 420 420 420 420 420 420 420
13:30
Люксор
Зелёная миля
12 20
Стандарт
420 420 420 420 420 420 420 420 420 420 420 420 420 420 420 420 420 420 420 420
420 420 420 420 420 420 420 420 420 420 420 420 420 420 420 420 420 420 420 420
420 420 420 420 420 420 420 420 420 420 420 420 420 420 -1 420 420 420 420 420
420 420 420 420 420 420 420 -1 420 420 420 420 420 420 420 420 420 420 420 420
420 420 420 420 420 420 420 420 420 420 420 420 420 420 420 420 420 420 420 420
420 420 420 420 420 -1 420 420 420 420 420 420 420 420 420 420 420 420 420 420
420 420 420 420 420 420 420 420 -1 420 420 420 420 420 420 420 420 420 420 420
420 420 420 420 420 420 420 420 420 420 420 420 420 420 420 420 420 420 420 420
420 420 420 420 420 420 420 420 420 420 420 420 420 420 420 420 420 420 420 420
420 420 420 -1 420 420 420 420 420 420 420 420 420 420 420 420 420 420 420 420
420 420 420 420 420 420 420 420 420 420 420 420 420 420 420 420 420 420 420 420
420 420 420 420 420 420 420 420 420 420 420 420 420 420 420 420 420 420 420 420
13:30
Октябрь
Зелёная миля
12 20
Стандарт
420 420 420 420 420 420 420 420 420 420 420 420 420 420 420 420 420 420 420 420
420 420 420 420 420 420 420 420 420 420 420 420 420 420 420 420 420 420 420 420
420 420 420 420 420 420 420 420 420 420 420 420 420 420 -1 420 420 420 420 420
420 420 420 420 420 420 420 -1 420 420 420 420 420 420 420 420 420 420 420 420
420 420 420 420 420 420 420 420 420 420 420 420 420 420 420 420 420 420 420 420
420 420 420 420 420 -1 420 420 420 420 420 420 420 420 420 420 420 420 420 420
420 420 420 420 420 420 420 420 -1 420 420 420 420 420 420 420 420 420 420 420
420 420 420 420 420 420 420 420 420 420 420 420 420 420 420 420 420 420 420 420
420 420 420 420 420 420 420 420 420 420 420 420 420 420 420 420 420 420 420 420
420 420 420 -1 420 420 420 420 420 420 420 420 420 420 420 420 420 420 420 420
420 420 420 420 420 420 420 420 420 420 420 420 420 420 420 420 420 420 420 420
420 420 420 420 420 420 420 420 420 420 420 420 420 420 420 420 420 420 420 420
15:30
Космос
Список Шиндлера
12 20
Стандарт
420 420 420 420 420 420 420 420 420 420 420 420 420 420 420 420 420 420 420 420
420 420 420 420 420 420 420 420 420 420 420 420 420 420 420 420 420 420 420 420
420 420 420 420 420 420 420 420 420 420 420 420 420 420 -1 420 420 420 420 420
420 420 420 420 420 420 420 -1 420 420 420 420 420 420 420 420 420 420 420 420
420 420 420 420 420 420 420 420 420 420 420 420 420 420 420 420 420 420 420 420
420 420 420 420 420 -1 420 420 420 420 420 420 420 420 420 420 420 420 420 420
420 420 420 420 420 420 420 420 -1 420 420 420 420 420 420 420 420 420 420 420
420 420 420 420 420 420 420 420 420 420 420 420 420 420 420 420 420 420 420 420
420 420 420 420 420 420 420 420 420 420 420 420 420 420 420 420 420 420 420 420
420 420 420 -1 420 420 420 420 420 420 420 420 420 420 420 420 420 420 420 420
420 420 420 420 420 420 420 420 420 420 420 420 420 420 420 420 420 420 420 420
420 420 420 420 420 420 420 420 420 420 420 420 420 420 420 420 420 420 420 420
10:30
Космос
Список Шиндлера
12 20
Стандарт
420 420 420 420 420 420 420 420 420 420 420 420 420 420 420 420 420 420 420 420
420 420 420 420 420 420 420 420 420 420 420 420 420 420 420 420 420 420 420 420
420 420 420 420 420 420 420 420 420 420 420 420 420 420 -1 420 420 420 420 420
420 420 420 420 420 420 420 -1 420 420 420 420 420 420 420 420 420 420 420 420
420 420 420 420 420 420 420 420 420 420 420 420 420 420 420 420 420 420 420 420
420 420 420 420 420 -1 420 420 420 420 420 420 420 420 420 420 420 420 420 420
420 420 420 420 420 420 420 420 -1 420 420 420 420 420 420 420 420 420 420 420
420 420 420 420 420 420 420 420 420 420 420 420 420 420 420 420 420 420 420 420
420 420 420 420 420 420 420 420 420 420 420 420 420 420 420 420 420 420 420 420
420 420 420 -1 420 420 420 420 420 420 420 420 420 420 420 420 420 420 420 420
420 420 420 420 420 420 420 420 420 420 420 420 420 420 420 420 420 420 420 420
420 420 420 420 420 420 420 420 420 420 420 420 420 420 420 420 420 420 420 420
15:30
Люксор
Список Шиндлера
12 20
Стандарт
420 420 420 420 420 420 420 420 420 420 420 420 420 420 420 420 420 420 420 420
420 420 420 420 420 420 420 420 420 420 420 420 420 420 420 420 420 420 420 420
420 420 420 420 420 420 420 420 420 420 420 420 420 420 -1 420 420 420 420 420
420 420 420 420 420 420 420 -1 420 420 420 420 420 420 420 420 420 420 420 420
420 420 420 420 420 420 420 420 420 420 420 420 420 420 420 420 420 420 420 420
420 420 420 420 420 -1 420 420 420 420 420 420 420 420 420 420 420 420 420 420
420 420 420 420 420 420 420 420 -1 420 420 420 420 420 420 420 420 420 420 420
420 420 420 420 420 420 420 420 420 420 420 420 420 420 420 420 420 420 420 420
420 420 420 420 420 420 420 420 420 420 420 420 420 420 420 420 420 420 420 420
420 420 420 -1 420 420 420 420 420 420 420 420 420 420 420 420 420 420 420 420
420 420 420 420 420 420 420 420 420 420 420 420 420 420 420 420 420 420 420 420
420 420 420 420 420 420 420 420 420 420 420 420 420 420 420 420 420 420 420 420
15:30
Октябрь
Список Шиндлера
12 20
Стандарт
420 420 420 420 420 420 420 420 420 420 420 420 420 420 420 420 420 420 420 420
420 420 420 420 420 420 420 420 420 420 420 420 420 420 420 420 420 420 420 420
420 420 420 420 420 420 420 420 420 420 420 420 420 420 -1 420 420 420 420 420
420 420 420 420 420 420 420 -1 420 420 420 420 420 420 420 420 420 420 420 420
420 420 420 420 420 420 420 420 420 420 420 420 420 420 420 420 420 420 420 420
420 420 420 420 420 -1 420 420 420 420 420 420 420 420 420 420 420 420 420 420
420 420 420 420 420 420 420 420 -1 420 420 420 420 420 420 420 420 420 420 420
420 420 420 420 420 420 420 420 420 420 420 420 420 420 420 420 420 420 420 420
420 420 420 420 420 420 420 420 420 420 420 420 420 420 420 420 420 420 420 420
420 420 420 -1 420 420 420 420 420 420 420 420 420 420 420 420 420 420 420 420
420 420 420 420 420 420 420 420 420 420 420 420 420 420 420 420 420 420 420 420
420 420 420 420 420 420 420 420 420 420 420 420 420 420 420 420 420 420 420 420
15:30
Октябрь
Остров проклятых
12 20
Стандарт
420 420 420 420 420 420 420 420 420 420 420 420 420 420 420 420 420 420 420 420
420 420 420 420 420 420 420 420 420 420 420 420 420 420 420 420 420 420 420 420
420 420 420 420 420 420 420 420 420 420 420 420 420 420 -1 420 420 420 420 420
420 420 420 420 420 420 420 -1 420 420 420 420 420 420 420 420 420 420 420 420
420 420 420 420 420 420 420 420 420 420 420 420 420 420 420 420 420 420 420 420
420 420 420 420 420 -1 420 420 420 420 420 420 420 420 420 420 420 420 420 420
420 420 420 420 420 420 420 420 -1 420 420 420 420 420 420 420 420 420 420 420
420 420 420 420 420 420 420 420 420 420 420 420 420 420 420 420 420 420 420 420
420 420 420 420 420 420 420 420 420 420 420 420 420 420 420 420 420 420 420 420
420 420 420 -1 420 420 420 420 420 420 420 420 420 420 420 420 420 420 420 420
420 420 420 420 420 420 420 420 420 420 420 420 420 420 420 420 420 420 420 420
420 420 420 420 420 420 420 420 420 420 420 420 420 420 420 420 420 420 420 420
15:30
Октябрь
Остров проклятых
12 20
Стандарт
420 420 420 420 420 420 420 420 420 420 420 420 420 420 420 420 420 420 420 420
420 420 420 420 420 420 420 420 420 420 420 420 420 420 420 420 420 420 420 420
420 420 420 420 420 420 420 420 420 420 420 420 420 420 -1 420 420 420 420 420
420 420 420 420 420 420 420 -1 420 420 420 420 420 420 420 420 420 420 420 420
420 420 420 420 420 420 420 420 420 420 420 420 420 420 420 420 420 420 420 420
420 420 420 420 420 -1 420 420 420 420 420 420 420 420 420 420 420 420 420 420
420 420 420 420 420 420 420 420 -1 420 420 420 420 420 420 420 420 420 420 420
420 420 420 420 420 420 420 420 420 420 420 420 420 420 420 420 420 420 420 420
420 420 420 420 420 420 420 420 420 420 420 420 420 420 420 420 420 420 420 420
420 420 420 -1 420 420 420 420 420 420 420 420 420 420 420 420 420 420 420 420
420 420 420 420 420 420 420 420 420 420 420 420 420 420 420 420 420 420 420 420
420 420 420 420 420 420 420 420 420 420 420 420 420 420 420 420 420 420 420 420
